200
396
592
810
1022
988
980
1232
1204
732
634
892
474
-106
34
252
-142
-146
198
50
-148
44
116
-52
-60
106
16
-94
88
-2
-68
58
-58
16
-38
-24
36
-124
100
-102
4
26
-88
66
-72
50
-60
100
-120
186
-168
212
-136
156
-50
68
22
6
46
-6
26
12
-10
28
-26
8
12
-50
100
-132
186
-176
202
-138
140
-60
76
-38
82
-70
76
-18
-42
98
-124
82
-48
-16
20
-36
54
-68
54
38
-98
84
38
-104
26
92
-80
-96
148
48
-210
78
244
-168
-140
290
80
-284
42
298
-100
-304
100
296
-92
-368
-80
298
214
-184
-372
-142
214
320
118
-156
-292
-274
-160
50
344
556
442
-82
-772
-1198
-1060
-398
466
1184
1572
1640
1458
1034
282
-886
-2446
-4190
-5756
-6734
-6792
-5778
-3738
-892
2440
5912
9224
12160
14600
16508
17912
18874
19464
19742
19742
19464
18874
17912
16508
14600
12160
9224
5912
2440
-892
-3738
-5778
-6792
-6734
-5756
-4190
-2446
-886
282
1034
1458
1640
1572
1184
466
-398
-1060
-1198
-772
-82
442
556
344
50
-160
-274
-292
-156
118
320
214
-142
-372
-184
214
298
-80
-368
-92
296
100
-304
-100
298
42
-284
80
290
-140
-168
244
78
-210
48
148
-96
-80
92
26
-104
38
84
-98
38
54
-68
54
-36
20
-16
-48
82
-124
98
-42
-18
76
-70
82
-38
76
-60
140
-138
202
-176
186
-132
100
-50
12
8
-26
28
-10
12
26
-6
46
6
22
68
-50
156
-136
212
-168
186
-120
100
-60
50
-72
66
-88
26
4
-102
100
-124
36
-24
-38
16
-58
58
-68
-2
88
-94
16
106
-60
-52
116
44
-148
50
198
-146
-142
252
38
-298
64
258
-178
-240
212
192
-252
-214
238
284
-138
-334
-24
334
274
-98
-338
-212
100
288
244
72
-122
-316
-450
-368
34
600
958
794
120
-730
-1340
-1480
-1180
-612
90
900
1838
2856
3758
4236
3966
2752
600
-2272
-5506
-8692
-11472
-13596
-14960
-15586
-15596
-15170
-14506
-13794
-13186
-12798
-12696
-12898
-13368
-14026
-14744
-15352
-15654
-15456
-14596
-12978
-10620
-7674
-4430
-1272
1396
3252
4146
4142
3490
2520
1518
626
-142
-808
-1306
-1472
-1164
-432
412
946
920
446
-102
-402
-400
-242
-56
130
268
232
-28
-316
-320
14
330
236
-172
-332
18
352
112
-286
-94
312
100
-276
20
320
-68
-224
210
166
-220
-16
202
-70
-128
86
48
-108
-18
104
-58
-40
116
-46
18
68
-22
72
-42
70
-16
-44
100
-138
94
-74
-6
-2
-30
-4
-6
16
-54
114
-160
216
-232
252
-224
212
-160
136
-82
60
-10
-10
60
-82
136
-160
212
-224
252
-232
216
-160
114
-54
16
-6
-4
-30
-2
-6
-74
94
-138
100
-44
-16
70
-42
72
-22
68
18
-46
116
-40
-58
104
-18
-108
48
86
-128
-70
202
-16
-220
166
210
-224
-68
320
20
-276
100
312
-94
-286
112
352
18
-332
-172
236
330
14
-320
-316
-28
232
268
130
-56
-242
-400
-402
-102
446
920
946
412
-432
-1164
-1472
-1306
-808
-142
626
1518
2520
3490
4142
4146
3252
1396
-1272
-4430
-7674
-10620
-12978
-14596
-15456
-15654
-15352
-14744
-14026
-13368
-12898
-12696
-12798
-13186
-13794
-14506
-15170
